
 Quadratic Additive Model
Model: y = B0 + B1*x1 + B2*x2 + B3*x1*x2+ B4*x1^2 + B5*x2^2 + error
XTX Array: 
48.000	2195.976	23.790	1023.554	133377.188	17.061	
2195.976	133377.188	1023.554	58766.802	9962405.322	635.979	
23.790	1023.554	17.061	635.979	58766.802	14.991	
1023.554	58766.802	635.979	30683.754	4263588.315	494.136	
133377.188	9962405.322	58766.802	4263588.315	837628248.725	30683.754	
17.061	635.979	14.991	494.136	30683.754	14.957	
R^2 Value: 0.7907

 The Linear model has the best fit with an R^2 value of 0.7907.
