
 Quadratic Additive Model
Model: y = B0 + B1*x1 + B2*x2 + B3*x1*x2+ B4*x1^2 + B5*x2^2 + error
XTX Array: 
48.000	2196.000	23.760	1019.267	133380.316	17.033	
2196.000	133380.316	1019.267	58362.350	9962929.644	632.372	
23.760	1019.267	17.033	632.372	58362.350	14.972	
1019.267	58362.350	632.372	30345.596	4226680.646	491.864	
133380.316	9962929.644	58362.350	4226680.646	837709390.038	30345.596	
17.033	632.372	14.972	491.864	30345.596	14.945	
R^2 Value: 0.1192
